(base) password@patrickm24:~/hpc2025/chapter5/exercise5_1$ g++ exercise5_1.cpp exercise4_4.cpp -o exercise5_1.o -lblas -llapack
(base) password@patrickm24:~/hpc2025/chapter5/exercise5_1$ ./exercise5_1.o
-201 100 0 0 0 0 0 0 0 0 0 0 0 0 0 0 0 0 0 
0 -201 100 0 0 0 0 0 0 0 0 0 0 0 0 0 0 0 0 
0 0 -201 100 0 0 0 0 0 0 0 0 0 0 0 0 0 0 0 
0 0 0 -201 100 0 0 0 0 0 0 0 0 0 0 0 0 0 0 
0 0 0 0 -201 100 0 0 0 0 0 0 0 0 0 0 0 0 0 
0 0 0 0 0 -201 100 0 0 0 0 0 0 0 0 0 0 0 0 
0 0 0 0 0 0 -201 100 0 0 0 0 0 0 0 0 0 0 0 
0 0 0 0 0 0 0 -201 100 0 0 0 0 0 0 0 0 0 0 
0 0 0 0 0 0 0 0 -201 100 0 0 0 0 0 0 0 0 0 
0 0 0 0 0 0 0 0 0 -201 100 0 0 0 0 0 0 0 0 
0 0 0 0 0 0 0 0 0 0 -201 100 0 0 0 0 0 0 0 
0 0 0 0 0 0 0 0 0 0 0 -201 100 0 0 0 0 0 0 
0 0 0 0 0 0 0 0 0 0 0 0 -201 100 0 0 0 0 0 
0 0 0 0 0 0 0 0 0 0 0 0 0 -201 100 0 0 0 0 
0 0 0 0 0 0 0 0 0 0 0 0 0 0 -201 100 0 0 0 
0 0 0 0 0 0 0 0 0 0 0 0 0 0 0 -201 100 0 0 
0 0 0 0 0 0 0 0 0 0 0 0 0 0 0 0 -201 100 0 
0 0 0 0 0 0 0 0 0 0 0 0 0 0 0 0 0 -201 100 
0 0 0 0 0 0 0 0 0 0 0 0 0 0 0 0 0 0 -201 

found in 19 iterations
0.311334 0.592193 0.815084 0.958189 1.0075 0.958189 0.815084 0.592193 0.311334 1.04009e-15 -0.311334 -0.592193 -0.815084 -0.958189 -1.0075 -0.958189 -0.815084 -0.592193 -0.311334 

0.309017 0.587785 0.809017 0.951057 1 0.951057 0.809017 0.587785 0.309017 1.22465e-16 -0.309017 -0.587785 -0.809017 -0.951057 -1 -0.951057 -0.809017 -0.587785 -0.309017 
-0.00231741 -0.00440798 -0.00606706 -0.00713226 -0.0074993 -0.00713226 -0.00606706 -0.00440798 -0.00231741 -9.17626e-16 0.00231741 0.00440798 0.00606706 0.00713226 0.0074993 0.00713226 0.00606706 0.00440798 0.00231741 
using lapack
0.311334 0.592193 0.815084 0.958189 1.0075 0.958189 0.815084 0.592193 0.311334 1.37545e-15 -0.311334 -0.592193 -0.815084 -0.958189 -1.0075 -0.958189 -0.815084 -0.592193 -0.311334 

-0.00231741 -0.00440798 -0.00606706 -0.00713226 -0.0074993 -0.00713226 -0.00606706 -0.00440798 -0.00231741 -1.25298e-15 0.00231741 0.00440798 0.00606706 0.00713226 0.0074993 0.00713226 0.00606706 0.00440798 0.00231741 
(base) password@patrickm24:~/hpc2025/chapter5/exercise5_1$ 