(base) user@XPS15:~/hpc2025/chapter4/exercise4_2$ g++ exercise4_2.cpp -o exercise4_2.o -lblas -lboost_program_options
(base) user@XPS15:~/hpc2025/chapter4/exercise4_2$ ./exercise4_2.o 
0.840188 0.783099 0.911647 0.335223 0.277775 0.477397 0.364784 0.95223 
0.635712 0.141603 0.0163006 0.137232 0.156679 0.12979 0.998925 0.512932 
0.61264 0.637552 0.493583 0.292517 0.526745 0.400229 0.283315 0.807725 
0.0697553 0.525995 0.192214 0.890233 0.0641713 0.457702 0.23828 0.902208 
0.266666 0.375207 0.512535 0.531606 0.437638 0.93081 0.284293 0.639979 
0.687861 0.440105 0.829201 0.228968 0.35036 0.956468 0.657304 0.43956 
0.398437 0.684219 0.482491 0.950252 0.14766 0.641081 0.619596 0.786002 
0.447034 0.187533 0.556444 0.169607 0.103171 0.495444 0.984752 0.684445 
_________
0.394383 0.79844 0.197551 0.76823 0.55397 0.628871 0.513401 0.916195 
0.717297 0.606969 0.242887 0.804177 0.400944 0.108809 0.218257 0.839112 
0.296032 0.524287 0.972775 0.771358 0.769914 0.891529 0.352458 0.919026 
0.949327 0.0860558 0.663227 0.348893 0.020023 0.0630958 0.970634 0.85092 
0.53976 0.760249 0.667724 0.0392803 0.931835 0.720952 0.738534 0.354049 
0.165974 0.880075 0.330337 0.893372 0.68667 0.58864 0.858676 0.92397 
0.814767 0.910972 0.215825 0.920128 0.881062 0.431953 0.281059 0.307458 
0.226107 0.276235 0.416501 0.906804 0.126075 0.760475 0.935004 0.383188 
_________
2.22287 1.52337 1.88695 1.81557 1.79774 2.0326 2.56151 1.73158 
2.87964 1.8989 2.39398 1.47023 2.34278 3.09912 2.52618 2.3777 
2.28385 0.843574 1.83153 1.54019 1.92258 2.07611 2.11595 1.5178 
3.73191 2.16907 2.83752 2.38424 2.77809 3.4735 3.42141 2.95605 
2.51612 1.60414 2.098 1.11312 2.08155 2.81831 2.10836 2.14491 
2.81048 1.4493 2.26512 1.43335 2.17192 2.66798 2.16432 2.12021 
2.85691 1.48374 2.47911 2.4334 2.7162 2.63949 3.01489 2.04954 
3.56645 1.51208 2.75171 2.30404 2.83017 3.33472 3.3275 2.28198 
_________
2.22287 2.87964 2.28385 3.73191 2.51612 2.81048 2.85691 3.56645 
1.52337 1.8989 0.843574 2.16907 1.60414 1.4493 1.48374 1.51208 
1.88695 2.39398 1.83153 2.83752 2.098 2.26512 2.47911 2.75171 
1.81557 1.47023 1.54019 2.38424 1.11312 1.43335 2.4334 2.30404 
1.79774 2.34278 1.92258 2.77809 2.08155 2.17192 2.7162 2.83017 
2.0326 3.09912 2.07611 3.4735 2.81831 2.66798 2.63949 3.33472 
2.56151 2.52618 2.11595 3.42141 2.10836 2.16432 3.01489 3.3275 
1.73158 2.3777 1.5178 2.95605 2.14491 2.12021 2.04954 2.28198 
_________
0 0 0 0 0 0 0 0 
0 0 0 0 0 0 0 0 
0 0 0 0 0 0 0 0 
0 0 0 0 0 0 0 0 
0 0 0 0 0 0 0 0 
0 0 0 0 0 0 0 0 
0 0 0 0 0 0 0 0 
0 0 0 0 0 0 0 0 